(1, 0)     1              1            2.002e-05      499500
(1, 1)     0.6            0.8          0.00484262       2065
(1, 2)     0.36           0.64         0.344828           29
(1, 3)     0.216          0.512        1                  10
(1, 4)     0.1296         0.4096       1                  10
(1, 5)     0.07776        0.32768      1                  10
(1, 6)     0.046656       0.262144     1                  10
(1, 7)     0.0279936      0.209715     1                   9
(1, 8)     0.0167962      0.167772     1                   9
(1, 9)     0.0100777      0.134218     1                  10
(1, 10)    0.00604662     0.107374     1                   9
(1, 11)    0.00362797     0.0858993    1                   7
(1, 12)    0.00217678     0.0687195    1                   9
(1, 13)    0.00130607     0.0549756    1                   9
(1, 14)    0.000783642    0.0439805    1                  10
(1, 15)    0.000470185    0.0351844    1                   8
(1, 16)    0.000282111    0.0281475    1                   8
(1, 17)    0.000169267    0.022518     1                   9
(1, 18)    0.00010156     0.0180144    1                   8
(1, 19)    6.0936e-05     0.0144115    1                   7
(2, 0)     1              1            2.002e-05      499500
(2, 2)     0.84           0.96         0.00364033       2747
(2, 4)     0.5904         0.8704       0.15625            64
(2, 6)     0.385344       0.761856     1                  10
(2, 8)     0.242404       0.651428     1                  10
(2, 10)    0.149473       0.547986     1                  10
(2, 12)    0.0911352      0.455569     1                  10
(2, 14)    0.0552036      0.37545      1                  10
(2, 16)    0.0333102      0.307397     1                  10
(2, 18)    0.0200538      0.250421     1                  10
(2, 20)    0.0120567      0.203219     1                  10
(2, 22)    0.00724278     0.16442      1                  10
(2, 24)    0.00434883     0.132717     1                  10
(2, 26)    0.00261043     0.106929     1                  10
(2, 28)    0.00156667     0.0860266    1                   9
(2, 30)    0.000940149    0.0691308    1                   8
(2, 32)    0.000564142    0.0555027    1                  10
(2, 34)    0.000338505    0.0445289    1                  10
(2, 36)    0.00020311     0.0357043    1                  10
(2, 38)    0.000121868    0.0286153    1                   9
(3, 0)     1              1            2.002e-05      499500
(3, 3)     0.936          0.992        0.0013344        7494
(3, 6)     0.737856       0.953344     0.070922          141
(3, 9)     0.51811        0.883786     0.692308           13
(3, 12)    0.340588       0.794203     1                  10
(3, 15)    0.21561        0.696102     1                  10
(3, 18)    0.133539       0.598288     1                  10
(3, 21)    0.0816518      0.506428     1                  10
(3, 24)    0.0495469      0.423596     1                  10
(3, 27)    0.0299294      0.351028     1                  10
(3, 30)    0.0180304      0.288773     1                  10
(3, 33)    0.0108445      0.236196     1                  10
(3, 36)    0.00651614     0.192316     1                  10
(3, 39)    0.00391309     0.156026     1                  10
(3, 42)    0.00234908     0.126224     1                  10
(3, 45)    0.00140989     0.101883     1                  10
(3, 48)    0.000846094    0.0820879    1                  10
(3, 51)    0.000507714    0.0660442    1                  10
(3, 54)    0.000304649    0.0530755    1                  10
(3, 57)    0.000182797    0.0426145    1                  10
(4, 0)     1              1            2.002e-05      499500
(4, 4)     0.9744         0.9984       0.00066507      15036
(4, 8)     0.832228       0.983204     0.116279           86
(4, 12)    0.622198       0.943287     0.625              16
(4, 16)    0.426048       0.878497     1                  10
(4, 20)    0.276604       0.795683     1                  10
(4, 24)    0.173965       0.703594     1                  10
(4, 28)    0.10736        0.609937     1                  10
(4, 32)    0.0655108      0.520301     1                  10
(4, 36)    0.0397055      0.438131     1                  10
(4, 40)    0.023968       0.36514      1                  10
(4, 44)    0.0144331      0.301806     1                  10
(4, 48)    0.00867874     0.247819     1                  10
(4, 52)    0.00521405     0.202424     1                  10
(4, 56)    0.00313088     0.164653     1                  10
(4, 60)    0.00187941     0.133483     1                  10
(4, 64)    0.00112797     0.107925     1                  10
(4, 68)    0.000676894    0.087075     1                  10
(4, 72)    0.000406178    0.0701338    1                  10
(4, 76)    0.000243722    0.0564119    1                  10
(5, 0)     1              1            2.002e-05      499500
(5, 5)     0.98976        0.99968      0.000133016     75179
(5, 10)    0.892626       0.993953     0.0228311         438
(5, 15)    0.703803       0.972324     0.833333           12
(5, 20)    0.500432       0.928265     1                  10
(5, 25)    0.332856       0.862634     1                  10
(5, 30)    0.212504       0.781295     1                  10
(5, 35)    0.132348       0.691739     1                  10
(5, 40)    0.0812067      0.600781     1                  10
(5, 45)    0.0493831      0.513544     1                  10
(5, 50)    0.0298697      0.433308     1                  10
(5, 55)    0.0180087      0.36178      1                  10
(5, 60)    0.0108366      0.299509     1                  10
(5, 65)    0.00651331     0.246271     1                  10
(5, 70)    0.00391207     0.201392     1                  10
(5, 75)    0.00234872     0.16397      1                  10
(5, 80)    0.00140976     0.133035     1                  10
(5, 85)    0.000846047    0.107632     1                  10
(5, 90)    0.000507697    0.0868847    1                  10
(5, 95)    0.000304643    0.0700104    1                  10
(6, 0)     1              1            2.002e-05      499500
(6, 6)     0.995904       0.999936     0.000278657     39475
(6, 12)    0.931281       0.997823     0.0568182         176
(6, 18)    0.767782       0.986494     0.526316           19
(6, 24)    0.565176       0.957648     1                  10
(6, 30)    0.384733       0.907646     1                  10
(6, 36)    0.249246       0.838627     1                  10
(6, 42)    0.156637       0.756386     1                  10
(6, 48)    0.0966389      0.667759     1                  10
(6, 54)    0.0589631      0.578835     1                  10
(6, 60)    0.0357357      0.494156     1                  10
(6, 66)    0.0215713      0.416603     1                  10
(6, 72)    0.0129898      0.347646     1                  10
(6, 78)    0.00781087     0.287708     1                  10
(6, 84)    0.00469265     0.236515     1                  10
(6, 90)    0.0028178      0.193386     1                  10
(6, 96)    0.00169147     0.157437     1                  10
(6, 102)   0.00101517     0.127727     1                  10
(6, 108)   0.000609205    0.103334     1                  10
(6, 114)   0.00036556     0.083413     1                  10
(7, 0)     1              1            2.002e-05      499500
(7, 7)     0.998362       0.999987     0.000214197     46686
(7, 14)    0.95602        0.999216     0.0892857         112
(7, 21)    0.817941       0.993409     0.909091           11
(7, 28)    0.621529       0.974995     0.909091           11
(7, 35)    0.432576       0.937908     1                  10
(7, 42)    0.284273       0.88093      1                  10
(7, 49)    0.180245       0.807476     1                  10
(7, 56)    0.111812       0.7235       1                  10
(7, 63)    0.0684466      0.635363     1                  10
(7, 70)    0.0415662      0.548471     1                  10
(7, 77)    0.0251211      0.466717     1                  10
(7, 84)    0.0151383      0.392476     1                  10
(7, 91)    0.00910674     0.326866     1                  10
(7, 98)    0.00547261     0.270093     1                  10
(7, 105)   0.00328666     0.221766     1                  10
(7, 112)   0.00197311     0.181153     1                  10
(7, 119)   0.00118426     0.147368     1                  10
(7, 126)   0.000710703    0.119487     1                  10
(7, 133)   0.000426474    0.0966224    1                  10
(8, 0)     1              1            2.002e-05      499500
(8, 8)     0.999345       0.999997     0.000175646     62626
(8, 16)    0.971853       0.999718     0.0117925         848
(8, 24)    0.857266       0.996784     0.15625            64
(8, 32)    0.670579       0.985237     0.909091           11
(8, 40)    0.476699       0.958255     1                  10
(8, 48)    0.317666       0.912144     1                  10
(8, 56)    0.203193       0.847851     1                  10
(8, 64)    0.12673        0.769889     1                  10
(8, 72)    0.0778345      0.684304     1                  10
(8, 80)    0.0473615      0.596953     1                  10
(8, 88)    0.0286579      0.512525     1                  10
(8, 96)    0.0172822      0.434224     1                  10
(8, 104)   0.0104009      0.363872     1                  10
(8, 112)   0.00625197     0.302195     1                  10
(8, 120)   0.0037553      0.249147     1                  10
(8, 128)   0.00225466     0.204202     1                  10
(8, 136)   0.00135333     0.166568     1                  10
(8, 144)   0.000812191    0.135349     1                  10
(8, 152)   0.000487384    0.109641     1                  10
(9, 0)     1              1            2.002e-05      499500
(9, 9)     0.999738       0.999999     0.000170884     64371
(9, 18)    0.981986       0.999898     0.0431034         232
(9, 27)    0.888096       0.99843      0.769231           13
(9, 36)    0.713272       0.991284     0.833333           12
(9, 45)    0.517391       0.971934     1                  10
(9, 54)    0.349501       0.935175     1                  10
(9, 63)    0.225499       0.879759     1                  10
(9, 72)    0.141398       0.808495     1                  10
(9, 81)    0.0871278      0.726676     1                  10
(9, 90)    0.0531217      0.64023      1                  10
(9, 99)    0.0321819      0.554399     1                  10
(9, 108)   0.0194213      0.473104     1                  10
(9, 117)   0.0116934      0.398844     1                  10
(9, 126)   0.00703071     0.332885     1                  10
(9, 135)   0.00422371     0.275566     1                  10
(9, 144)   0.00253614     0.226602     1                  10
(9, 153)   0.00152237     0.185335     1                  10
(9, 162)   0.000913668    0.150925     1                  10
(9, 171)   0.00054829     0.122473     1                  10
(10, 0)    1              1            2.002e-05      499500
(10, 10)   0.999895       1            0.000175936     56839
(10, 20)   0.988471       0.999963     0.0342466         292
(10, 30)   0.912267       0.999234     0.769231           13
(10, 40)   0.750432       0.994854     1                  10
(10, 50)   0.554918       0.981131     1                  10
(10, 60)   0.379851       0.952168     1                  10
(10, 70)   0.24718        0.904975     1                  10
(10, 80)   0.155819       0.840624     1                  10
(10, 90)   0.0963274      0.763361     1                  10
(10, 100)  0.0588472      0.67886      1                  10
(10, 110)  0.0356931      0.592676     1                  10
(10, 120)  0.0215558      0.509312     1                  10
(10, 130)  0.0129842      0.431893     1                  10
(10, 140)  0.00780884     0.362225     1                  10
(10, 150)  0.00469191     0.301055     1                  10
(10, 160)  0.00281753     0.248371     1                  10
(10, 170)  0.00169138     0.20368      1                  10
(10, 180)  0.00101514     0.166221     1                  10
(10, 190)  0.000609193    0.135119     1                  10
(11, 0)    1              1            2.002e-05      499500
(11, 11)   0.999958       1            0.000134608     74290
(11, 22)   0.992621       0.999987     0.0127877         782
(11, 33)   0.931218       0.999626     0.769231           13
(11, 44)   0.782776       0.996962     1                  10
(11, 55)   0.589528       0.987314     1                  10
(11, 66)   0.408784       0.964707     1                  10
(11, 77)   0.268254       0.924903     1                  10
(11, 88)   0.169998       0.867363     1                  10
(11, 99)   0.105434       0.795122     1                  10
(11, 110)  0.0645379      0.713342     1                  10
(11, 121)  0.0391916      0.627665     1                  10
(11, 132)  0.0236857      0.543032     1                  10
(11, 143)  0.0142733      0.463125     1                  10
(11, 154)  0.00858636     0.390274     1                  10
(11, 165)  0.00515989     0.325646     1                  10
(11, 176)  0.00309885     0.269527     1                  10
(11, 187)  0.00186036     0.221611     1                  10
(11, 198)  0.00111659     0.181241     1                  10
(11, 209)  0.000670092    0.147584     1                  10
(12, 0)    1              1            2.002e-05      499500
(12, 12)   0.999983       1            0.000113435     96972
(12, 24)   0.995278       0.999995     0.0232558         430
(12, 36)   0.946075       0.999818     0.666667           15
(12, 48)   0.810928       0.998206     1                  10
(12, 60)   0.621446       0.991471     1                  10
(12, 72)   0.436368       0.973959     1                  10
(12, 84)   0.288738       0.940652     1                  10
(12, 96)   0.183939       0.889616     1                  10
(12, 108)  0.11445        0.82262      1                  10
(12, 120)  0.0701943      0.744122     1                  10
(12, 132)  0.0426774      0.659648     1                  10
(12, 144)  0.0258109      0.574435     1                  10
(12, 156)  0.0155607      0.49264      1                  10
(12, 168)  0.00936328     0.41709      1                  10
(12, 180)  0.00562765     0.349373     1                  10
(12, 192)  0.00338008     0.290088     1                  10
(12, 204)  0.00202931     0.239139     1                  10
(12, 216)  0.00121804     0.19599      1                  10
(12, 228)  0.000730987    0.159868     1                  10
(13, 0)    1              1            2.002e-05      499500
(13, 13)   0.999993       1            0.000115545     95201
(13, 26)   0.996978       0.999998     0.019084          524
(13, 39)   0.957723       0.999911     0.714286           14
(13, 52)   0.835432       0.998941     1                  10
(13, 65)   0.650883       0.994266     1                  10
(13, 78)   0.462665       0.980785     1                  10
(13, 91)   0.308649       0.953098     1                  10
(13, 104)  0.197645       0.908135     1                  10
(13, 117)  0.123374       0.846428     1                  10
(13, 130)  0.0758165      0.771596     1                  10
(13, 143)  0.0461505      0.688884     1                  10
(13, 156)  0.0279315      0.603679     1                  10
(13, 169)  0.0168465      0.520532     1                  10
(13, 182)  0.0101396      0.442727     1                  10
(13, 195)  0.00609519     0.372265     1                  10
(13, 208)  0.00366124     0.310071     1                  10
(13, 221)  0.00219823     0.256272     1                  10
(13, 234)  0.00131948     0.210474     1                  10
(13, 247)  0.000791878    0.171976     1                  10
(14, 0)    1              1            2.002e-05      499500
(14, 14)   0.999997       1            9.21294e-05    108543
(14, 28)   0.998066       0.999999     0.0361011         277
(14, 42)   0.966854       0.999957     0.769231           13
(14, 56)   0.85676        0.999375     0.909091           11
(14, 70)   0.67803        0.996145     1                  10
(14, 84)   0.487735       0.985822     1                  10
(14, 98)   0.328002       0.962934     1                  10
(14, 112)  0.211122       0.923548     1                  10
(14, 126)  0.132208       0.86704      1                  10
(14, 140)  0.0814047      0.796121     1                  10
(14, 154)  0.049611       0.715609     1                  10
(14, 168)  0.0300475      0.630914     1                  10
(14, 182)  0.0181306      0.546891     1                  10
(14, 196)  0.0109153      0.467236     1                  10
(14, 210)  0.00656251     0.394352     1                  10
(14, 224)  0.00394232     0.32949      1                  10
(14, 238)  0.00236713     0.273019     1                  10
(14, 252)  0.0014209      0.224697     1                  10
(14, 266)  0.000852766    0.183909     1                  10
(15, 0)    1              1            2.002e-05      499500
(15, 15)   0.999999       1            7.61064e-05    131395
(15, 30)   0.998762       1            0.0275482         363
(15, 45)   0.974014       0.999979     0.714286           14
(15, 60)   0.875324       0.999631     0.833333           12
(15, 75)   0.703066       0.997408     1                  10
(15, 90)   0.511635       0.989539     1                  10
(15, 105)  0.346814       0.970708     1                  10
(15, 120)  0.224372       0.936374     1                  10
(15, 135)  0.140954       0.884885     1                  10
(15, 150)  0.0869591      0.818012     1                  10
(15, 165)  0.053059       0.740038     1                  10
(15, 180)  0.0321589      0.656278     1                  10
(15, 195)  0.0194129      0.571801     1                  10
(15, 210)  0.0116904      0.490667     1                  10
(15, 225)  0.00702961     0.415661     1                  10
(15, 240)  0.00422332     0.348364     1                  10
(15, 255)  0.00253599     0.28939      1                  10
(15, 270)  0.00152232     0.238663     1                  10
(15, 285)  0.00091365     0.19567      1                  10
(16, 0)    1              1            2.002e-05      499500
(16, 16)   1              1            7.40227e-05    148603
(16, 32)   0.999208       1            0.00626174       1597
(16, 48)   0.979627       0.99999      0.625              16
(16, 64)   0.891482       0.999782     1                  10
(16, 80)   0.726156       0.998257     1                  10
(16, 96)   0.53442        0.992281     1                  10
(16, 112)  0.365099       0.976851     1                  10
(16, 128)  0.2374         0.947049     1                  10
(16, 144)  0.149611       0.900336     1                  10
(16, 160)  0.0924799      0.837553     1                  10
(16, 176)  0.0564945      0.762368     1                  10
(16, 192)  0.0342656      0.679898     1                  10
(16, 208)  0.0206937      0.595342     1                  10
(16, 224)  0.0124648      0.513068     1                  10
(16, 240)  0.00749649     0.436221     1                  10
(16, 256)  0.00450424     0.366706     1                  10
(16, 272)  0.00270483     0.305391     1                  10
(16, 288)  0.00162372     0.252378     1                  10
(16, 304)  0.00097453     0.207262     1                  10
(17, 0)    1              1            2.002e-05      499500
(17, 17)   1              1            6.43946e-05    186351
(17, 34)   0.999493       1            0.00888099       1126
(17, 51)   0.984027       0.999995     0.588235           17
(17, 68)   0.905546       0.999871     0.769231           13
(17, 85)   0.74745        0.998828     1                  10
(17, 102)  0.556142       0.994305     1                  10
(17, 119)  0.382872       0.981705     1                  10
(17, 136)  0.250208       0.955933     1                  10
(17, 153)  0.158181       0.913713     1                  10
(17, 170)  0.0979673      0.854996     1                  10
(17, 187)  0.0599175      0.782781     1                  10
(17, 204)  0.0363678      0.701895     1                  10
(17, 221)  0.0219727      0.617588     1                  10
(17, 238)  0.0132387      0.534484     1                  10
(17, 255)  0.00796315     0.456057     1                  10
(17, 272)  0.00478508     0.384531     1                  10
(17, 289)  0.00287364     0.321032     1                  10
(17, 306)  0.00172512     0.265846     1                  10
(17, 323)  0.00103541     0.218686     1                  10
(18, 0)    1              1            2.002e-05      499500
(18, 18)   1              1            5.75759e-05    191052
(18, 36)   0.999675       1            0.0162602         615
(18, 54)   0.987478       0.999998     0.277778           36
(18, 72)   0.917787       0.999924     0.909091           11
(18, 90)   0.767088       0.999212     1                  10
(18, 108)  0.576851       0.995798     1                  10
(18, 126)  0.400148       0.985542     1                  10
(18, 144)  0.262802       0.963326     1                  10
(18, 162)  0.166664       0.925294     1                  10
(18, 180)  0.103422       0.870566     1                  10
(18, 198)  0.0633281      0.80144      1                  10
(18, 216)  0.0384655      0.722381     1                  10
(18, 234)  0.0232501      0.638611     1                  10
(18, 252)  0.014012       0.554957     1                  10
(18, 270)  0.00842959     0.475195     1                  10
(18, 288)  0.00506584     0.401855     1                  10
(18, 306)  0.00304242     0.336321     1                  10
(18, 324)  0.0018265      0.279072     1                  10
(18, 342)  0.00109628     0.229946     1                  10
(19, 0)    1              1            2.002e-05      499500
(19, 19)   1              1            6.27868e-05    175196
(19, 38)   0.999792       1            0.0177305         564
(19, 57)   0.990182       0.999999     0.588235           17
(19, 76)   0.928442       0.999955     0.833333           12
(19, 95)   0.7852         0.99947      1                  10
(19, 114)  0.596593       0.996899     1                  10
(19, 133)  0.41694        0.988574     1                  10
(19, 152)  0.275184       0.969479     1                  10
(19, 171)  0.175062       0.935321     1                  10
(19, 190)  0.108843       0.884463     1                  10
(19, 209)  0.0667263      0.818496     1                  10
(19, 228)  0.0405585      0.741459     1                  10
(19, 247)  0.0245258      0.658479     1                  10
(19, 266)  0.0147846      0.57453      1                  10
(19, 285)  0.00889581     0.49366      1                  10
(19, 304)  0.00534652     0.418691     1                  10
(19, 323)  0.00321117     0.351266     1                  10
(19, 342)  0.00192788     0.292059     1                  10
(19, 361)  0.00115715     0.241044     1                  10
(20, 0)    1              1            2.002e-05      499500
(20, 20)   1              1            5.07599e-05    197006
(20, 40)   0.999867       1            0.00615385       1625
(20, 60)   0.992303       0.999999     0.454545           22
(20, 80)   0.937716       0.999974     1                  10
(20, 100)  0.801902       0.999644     1                  10
(20, 120)  0.615415       0.997712     1                  10
(20, 140)  0.433262       0.99097      1                  10
(20, 160)  0.287358       0.974599     1                  10
(20, 180)  0.183376       0.944002     1                  10
(20, 200)  0.114231       0.896869     1                  10
(20, 220)  0.0701122      0.834087     1                  10
(20, 240)  0.042647       0.759226     1                  10
(20, 260)  0.0257998      0.677254     1                  10
(20, 280)  0.0155567      0.593243     1                  10
(20, 300)  0.00936181     0.511475     1                  10
(20, 320)  0.00562712     0.435054     1                  10
(20, 340)  0.00337989     0.365874     1                  10
(20, 360)  0.00202924     0.304812     1                  10
(20, 380)  0.00121801     0.251981     1                  10
(21, 0)    1              1            2.002e-05      499500
(21, 21)   1              1            4.88809e-05    225037
(21, 42)   0.999915       1            0.00454959       2198
(21, 63)   0.993966       1            0.555556           18
(21, 84)   0.945788       0.999984     0.909091           11
(21, 105)  0.817307       0.999761     1                  10
(21, 126)  0.633358       0.998312     1                  10
(21, 147)  0.449127       0.992864     1                  10
(21, 168)  0.299328       0.978861     1                  10
(21, 189)  0.191606       0.951518     1                  10
(21, 210)  0.119587       0.907943     1                  10
(21, 231)  0.0734858      0.848339     1                  10
(21, 252)  0.044731       0.775771     1                  10
(21, 273)  0.0270722      0.694997     1                  10
(21, 294)  0.0163282      0.611132     1                  10
(21, 315)  0.0098276      0.528664     1                  10
(21, 336)  0.00590765     0.450956     1                  10
(21, 357)  0.00354859     0.380153     1                  10
(21, 378)  0.00213059     0.317335     1                  10
(21, 399)  0.00127888     0.262762     1                  10
(22, 0)    1              1            2.002e-05      499500
(22, 22)   1              1            5.18939e-05    211971
(22, 44)   0.999946       1            0.00419111       2386
(22, 66)   0.995269       1            0.555556           18
(22, 88)   0.952814       0.999991     1                  10
(22, 110)  0.831513       0.999839     1                  10
(22, 132)  0.650464       0.998754     1                  10
(22, 154)  0.464548       0.994361     1                  10
(22, 176)  0.311096       0.982407     1                  10
(22, 198)  0.199752       0.958025     1                  10
(22, 220)  0.124911       0.917827     1                  10
(22, 242)  0.0768472      0.861366     1                  10
(22, 264)  0.0468104      0.79118      1                  10
(22, 286)  0.0283429      0.711765     1                  10
(22, 308)  0.017099       0.628235     1                  10
(22, 330)  0.0102932      0.545247     1                  10
(22, 352)  0.00618809     0.46641      1                  10
(22, 374)  0.00371725     0.394111     1                  10
(22, 396)  0.00223194     0.329633     1                  10
(22, 418)  0.00133973     0.273386     1                  10
(23, 0)    1              1            2.002e-05      499500
(23, 23)   1              1            4.57238e-05    240575
(23, 46)   0.999965       1            0.00475285       2104
(23, 69)   0.996291       1            0.37037            27
(23, 92)   0.958929       0.999995     0.833333           12
(23, 115)  0.844614       0.999892     1                  10
(23, 138)  0.666772       0.999081     1                  10
(23, 161)  0.479537       0.995543     1                  10
(23, 184)  0.322667       0.985359     1                  10
(23, 207)  0.207817       0.963659     1                  10
(23, 230)  0.130202       0.92665      1                  10
(23, 253)  0.0801963      0.873275     1                  10
(23, 276)  0.0488853      0.80553      1                  10
(23, 299)  0.0296119      0.727611     1                  10
(23, 322)  0.0178692      0.644585     1                  10
(23, 345)  0.0107585      0.561248     1                  10
(23, 368)  0.00646846     0.481429     1                  10
(23, 391)  0.00388589     0.407755     1                  10
(23, 414)  0.00233327     0.341709     1                  10
(23, 437)  0.00140059     0.283858     1                  10
(24, 0)    1              1            2.002e-05      499500
(24, 24)   1              1            3.43825e-05    290846
(24, 48)   0.999978       1            0.0156986         637
(24, 72)   0.997092       1            0.526316           19
(24, 96)   0.964252       0.999997     0.909091           11
(24, 120)  0.856697       0.999927     1                  10
(24, 144)  0.682319       0.999322     1                  10
(24, 168)  0.494107       0.996478     1                  10
(24, 192)  0.334044       0.987815     1                  10
(24, 216)  0.2158         0.968536     1                  10
(24, 240)  0.135461       0.934526     1                  10
(24, 264)  0.0835334      0.884161     1                  10
(24, 288)  0.0509556      0.818894     1                  10
(24, 312)  0.0308793      0.742586     1                  10
(24, 336)  0.0186389      0.660216     1                  10
(24, 360)  0.0112236      0.576685     1                  10
(24, 384)  0.00674874     0.496025     1                  10
(24, 408)  0.0040545      0.421091     1                  10
(24, 432)  0.00243459     0.353568     1                  10
(24, 456)  0.00146144     0.294179     1                  10
---------  -----------    ---------    -----------    ------

(24, 456, 0.027001708280182224, 0.9692843134657405)